Epoch:  1 |Train_Loss:0.369747 |R2:0.077743|Val_Loss:0.328721 |R2:0.287322 |Rate:0.670|lr:0.001000
Epoch:  2 |Train_Loss:0.412684 |R2:-0.072197|Val_Loss:0.464940 |R2:-0.000399 |Rate:0.492|lr:0.002000
Epoch:  3 |Train_Loss:0.417898 |R2:-0.076828|Val_Loss:0.464969 |R2:-0.000472 |Rate:0.492|lr:0.003000
